Original - after adding first two string:
(0) [ (1) [ (2) [ (3) [ (4) [ 4, 0 ], (4) [ 5, 4 ] ], (3) [ (4) [ 7, 7 ], (4) [ 6, 0 ] ] ], (2) [ (3) [ 8, (4) [ 7, 7 ] ], (3) [ (4) [ 7, 9 ], (4) [ 5, 0 ] ] ] ], (1) [ (2) [ 2, (3) [ (4) [ 0, 8 ], (4) [ 3, 4 ] ] ], (2) [ (3) [ (4) [ 6, 7 ], 1 ], (3) [ 7, (4) [ 1, 6 ] ] ] ] ]
Explode 4,0
(0) [ (1) [ (2) [ (3) [ 0, (4) [ 5, 4 ] ], (3) [ (4) [ 7, 7 ], (4) [ 6, 0 ] ] ], (2) [ (3) [ 8, (4) [ 7, 7 ] ], (3) [ (4) [ 7, 9 ], (4) [ 5, 0 ] ] ] ], (1) [ (2) [ 2, (3) [ (4) [ 0, 8 ], (4) [ 3, 4 ] ] ], (2) [ (3) [ (4) [ 6, 7 ], 1 ], (3) [ 7, (4) [ 1, 6 ] ] ] ] ]
Explode 5,4
(0) [ (1) [ (2) [ (3) [ 5, 0 ], (3) [ (4) [ 11, 7 ], (4) [ 6, 0 ] ] ], (2) [ (3) [ 8, (4) [ 7, 7 ] ], (3) [ (4) [ 7, 9 ], (4) [ 5, 0 ] ] ] ], (1) [ (2) [ 2, (3) [ (4) [ 0, 8 ], (4) [ 3, 4 ] ] ], (2) [ (3) [ (4) [ 6, 7 ], 1 ], (3) [ 7, (4) [ 1, 6 ] ] ] ] ]
Explode 11,7
(0) [ (1) [ (2) [ (3) [ 5, 11 ], (3) [ 0, (4) [ 13, 0 ] ] ], (2) [ (3) [ 8, (4) [ 7, 7 ] ], (3) [ (4) [ 7, 9 ], (4) [ 5, 0 ] ] ] ], (1) [ (2) [ 2, (3) [ (4) [ 0, 8 ], (4) [ 3, 4 ] ] ], (2) [ (3) [ (4) [ 6, 7 ], 1 ], (3) [ 7, (4) [ 1, 6 ] ] ] ] ]
Explode 13,0
(0) [ (1) [ (2) [ (3) [ 5, 11 ], (3) [ 13, 0 ] ], (2) [ (3) [ 8, (4) [ 7, 7 ] ], (3) [ (4) [ 7, 9 ], (4) [ 5, 0 ] ] ] ], (1) [ (2) [ 2, (3) [ (4) [ 0, 8 ], (4) [ 3, 4 ] ] ], (2) [ (3) [ (4) [ 6, 7 ], 1 ], (3) [ 7, (4) [ 1, 6 ] ] ] ] ]
Explode 7,7
(0) [ (1) [ (2) [ (3) [ 5, 11 ], (3) [ 13, 0 ] ], (2) [ (3) [ 15, 0 ], (3) [ (4) [ 14, 9 ], (4) [ 5, 0 ] ] ] ], (1) [ (2) [ 2, (3) [ (4) [ 0, 8 ], (4) [ 3, 4 ] ] ], (2) [ (3) [ (4) [ 6, 7 ], 1 ], (3) [ 7, (4) [ 1, 6 ] ] ] ] ]
Explode 14,9
(0) [ (1) [ (2) [ (3) [ 5, 11 ], (3) [ 13, 0 ] ], (2) [ (3) [ 15, 14 ], (3) [ 0, (4) [ 14, 0 ] ] ] ], (1) [ (2) [ 2, (3) [ (4) [ 0, 8 ], (4) [ 3, 4 ] ] ], (2) [ (3) [ (4) [ 6, 7 ], 1 ], (3) [ 7, (4) [ 1, 6 ] ] ] ] ]
Explode 14,0
(0) [ (1) [ (2) [ (3) [ 5, 11 ], (3) [ 13, 0 ] ], (2) [ (3) [ 15, 14 ], (3) [ 14, 0 ] ] ], (1) [ (2) [ 2, (3) [ (4) [ 0, 8 ], (4) [ 3, 4 ] ] ], (2) [ (3) [ (4) [ 6, 7 ], 1 ], (3) [ 7, (4) [ 1, 6 ] ] ] ] ]
Explode 0,8
(0) [ (1) [ (2) [ (3) [ 5, 11 ], (3) [ 13, 0 ] ], (2) [ (3) [ 15, 14 ], (3) [ 14, 0 ] ] ], (1) [ (2) [ 2, (3) [ 0, (4) [ 11, 4 ] ] ], (2) [ (3) [ (4) [ 6, 7 ], 1 ], (3) [ 7, (4) [ 1, 6 ] ] ] ] ]
Explode 11,4
(0) [ (1) [ (2) [ (3) [ 5, 11 ], (3) [ 13, 0 ] ], (2) [ (3) [ 15, 14 ], (3) [ 14, 0 ] ] ], (1) [ (2) [ 2, (3) [ 11, 0 ] ], (2) [ (3) [ (4) [ 10, 7 ], 1 ], (3) [ 7, (4) [ 1, 6 ] ] ] ] ]
Explode 10,7
(0) [ (1) [ (2) [ (3) [ 5, 11 ], (3) [ 13, 0 ] ], (2) [ (3) [ 15, 14 ], (3) [ 14, 0 ] ] ], (1) [ (2) [ 2, (3) [ 11, 10 ] ], (2) [ (3) [ 0, 8 ], (3) [ 7, (4) [ 1, 6 ] ] ] ] ]
Explode 1,6
(0) [ (1) [ (2) [ (3) [ 5, 11 ], (3) [ 13, 0 ] ], (2) [ (3) [ 15, 14 ], (3) [ 14, 0 ] ] ], (1) [ (2) [ 2, (3) [ 11, 10 ] ], (2) [ (3) [ 0, 8 ], (3) [ 8, 0 ] ] ] ]

After explosions:
(0) [ (1) [ (2) [ (3) [ 5, 11 ], (3) [ 13, 0 ] ], (2) [ (3) [ 15, 14 ], (3) [ 14, 0 ] ] ], (1) [ (2) [ 2, (3) [ 11, 10 ] ], (2) [ (3) [ 0, 8 ], (3) [ 8, 0 ] ] ] ]
Split 11
(0) [ (1) [ (2) [ (3) [ 5, (4)[5,6] ], (3) [ 13, 0 ] ], (2) [ (3) [ 15, 14 ], (3) [ 14, 0 ] ] ], (1) [ (2) [ 2, (3) [ 11, 10 ] ], (2) [ (3) [ 0, 8 ], (3) [ 8, 0 ] ] ] ]
Explode 5,6
(0) [ (1) [ (2) [ (3) [ 10, 0 ], (3) [ 19, 0 ] ], (2) [ (3) [ 15, 14 ], (3) [ 14, 0 ] ] ], (1) [ (2) [ 2, (3) [ 11, 10 ] ], (2) [ (3) [ 0, 8 ], (3) [ 8, 0 ] ] ] ]
Split 10
(0) [ (1) [ (2) [ (3) [ (4)[5,5], 0 ], (3) [ 19, 0 ] ], (2) [ (3) [ 15, 14 ], (3) [ 14, 0 ] ] ], (1) [ (2) [ 2, (3) [ 11, 10 ] ], (2) [ (3) [ 0, 8 ], (3) [ 8, 0 ] ] ] ]
Explode 5,5
(0) [ (1) [ (2) [ (3) [ 0, 5 ], (3) [ 19, 0 ] ], (2) [ (3) [ 15, 14 ], (3) [ 14, 0 ] ] ], (1) [ (2) [ 2, (3) [ 11, 10 ] ], (2) [ (3) [ 0, 8 ], (3) [ 8, 0 ] ] ] ]